# Filename : results\simulations\PINN_Dynamics_PositionUncertainty.txt
# Version  : PINN_Matrix_Solver_v2.3_Final
# Start    : Sat Dec  6 00:33:51 2025
# (1) time	(2) <x>	(3) <x>-dx	(4) <x>+dx
# ================================================================================
0.0000000000	2.3045207905	1.5999321524	3.0091094286
0.0334448161	2.3004624683	1.5972432912	3.0036816453
0.0668896321	2.2882298243	1.5888242235	2.9876354252
0.1003344482	2.2676601227	1.5736607981	2.9616594473
0.1337792642	2.2385156136	1.5502112523	2.9268199748
0.1672240803	2.2005308586	1.5166387391	2.8844229781
0.2006688963	2.1534734259	1.4711393270	2.8358075249
0.2341137124	2.0972128885	1.4123315974	2.7820941797
0.2675585284	2.0317922783	1.3396316112	2.7239529454
0.3010033445	1.9574958001	1.2535127696	2.6614788306
0.3344481605	1.8749067229	1.1555751074	2.5942383384
0.3678929766	1.7849499308	1.0484176042	2.5214822573
0.4013377926	1.6889146061	0.9353735005	2.4424557117
0.4347826087	1.5884538470	0.8201906663	2.3567170277
0.4682274247	1.4855596147	0.7067184123	2.2644008171
0.5016722408	1.3825131395	0.5986285772	2.1663977018
0.5351170569	1.2818126661	0.4991758558	2.0644494764
0.5685618729	1.1860820728	0.4109956501	1.9611684954
0.6020066890	1.0979653202	0.3359429368	1.8599877036
0.6354515050	1.0200127933	0.2749879705	1.7650376162
0.6688963211	0.9545662918	0.2282006757	1.6809319079
0.7023411371	0.9036496652	0.1948689809	1.6124303495
0.7357859532	0.8688718528	0.1737904522	1.5639532535
0.7692307692	0.8513483862	0.1637250609	1.5389717114
0.8026755853	0.8516462971	0.1638929915	1.5393996027
0.8361204013	0.8697559182	0.1743084567	1.5652033797
0.8695652174	0.9050913645	0.1957734641	1.6144092649
0.9030100334	0.9565196665	0.2295350521	1.6835042809
0.9364548495	1.0224167052	0.2767859117	1.7680474987
0.9698996656	1.1007464106	0.3382157769	1.8632770442
1.0033444816	1.1891582369	0.4137258065	1.9645906672
1.0367892977	1.2850968262	0.5023154645	2.0678781878
1.0702341137	1.3859170856	0.6021017574	2.1697324139
1.1036789298	1.4889976822	0.7104258415	2.2675695229
1.1371237458	1.5918462142	0.8240156908	2.3596767377
1.1705685619	1.6921900292	0.9391894989	2.4451905595
1.2040133779	1.7880477726	1.0520966261	2.5239989190
1.2374581940	1.8777781864	1.1589978130	2.5965585598
1.2709030100	1.9601043335	1.2565792033	2.6636294637
1.3043478261	2.0341131775	1.3422713201	2.7259550348
1.3377926421	2.0992321795	1.4145105332	2.7839538259
1.3712374582	2.1551861575	1.4728608874	2.8375114276
1.4046822742	2.2019389752	1.5179379292	2.8859400211
1.4381270903	2.2396256041	1.5511435097	2.9281076985
1.4715719064	2.2684806524	1.5742887396	2.9626725651
1.5050167224	2.2887695513	1.5892054422	2.9883336604
1.5384615385	2.3007282296	1.5974210086	3.0040354505
1.5719063545	2.3045163068	1.5999292105	3.0091034030
1.6053511706	2.3001876748	1.5970592961	3.0033160535
1.6387959866	2.2876808823	1.5884355927	2.9869261718
1.6722408027	2.2668301104	1.5730237171	2.9606365037
1.7056856187	2.2373958409	1.5492677923	2.9255238896
1.7391304348	2.1991126962	1.5153263135	2.8828990790
1.7725752508	2.1517504975	1.4694029665	2.8340980284
1.8060200669	2.0951834418	1.4101371905	2.7802296930
1.8394648829	2.0294615321	1.3369769483	2.7219461160
1.8729096990	1.9548780609	1.2504331647	2.6593229571
1.9063545151	1.8720270744	1.1521421315	2.5919120173
1.9397993311	1.7818453301	1.0447320302	2.5189586300
1.9732441472	1.6856342552	0.9315551258	2.4397133847
2.0066889632	1.5850587602	0.8163675501	2.3537499704
2.0401337793	1.4821213580	0.7030169761	2.2612257400
2.0735785953	1.3791117764	0.5951650096	2.1630585431
2.1070234114	1.2785340017	0.4960487910	2.0610192125
2.1404682274	1.1830143399	0.4082801002	1.9577485796
2.1739130435	1.0951954932	0.3336857792	1.8567052072
2.2073578595	1.0176227459	0.2732057796	1.7620397121
2.2408026756	0.9526290295	0.2268812357	1.6783768234
2.2742474916	0.9022258656	0.1939780614	1.6104736699
2.3076923077	0.8680069264	0.1732845913	1.5627292616
2.3411371237	0.8510702441	0.1635683783	1.5385721100
2.3745819398	0.8519639662	0.1640721865	1.5398557459
2.4080267559	0.8706590908	0.1748386467	1.5664795349
2.4414715719	0.9065509124	0.1966915605	1.6164102643
2.4749163880	0.9584890856	0.2308844032	1.6860937681
2.5083612040	1.0248343999	0.2785996164	1.7710691835
2.5418060201	1.1035386732	0.3405042802	1.8665730662
2.5752508361	1.1922427355	0.4164705162	1.9680149547
2.6086956522	1.2883863839	0.5054675325	2.0713052353
2.6421404682	1.3893235198	0.6055844399	2.1730625997
2.6755852843	1.4924354720	0.7141391338	2.2707318101
2.7090301003	1.5952357828	0.8278424826	2.3626290831
2.7424749164	1.6954604573	0.9430029784	2.4479179362
2.7759197324	1.7911388016	1.0557689628	2.5265086403
2.8093645485	1.8806414247	1.1624101369	2.5988727125
2.8428093645	1.9627036339	1.2596323872	2.6657748806
2.8762541806	2.0364242144	1.3448960372	2.7279523916
2.9096989967	2.1012413094	1.4166740021	2.7858086168
2.9431438127	2.1568886945	1.4745676877	2.8392097013
2.9765886288	2.2033370533	1.5192239465	2.8874501602
3.0100334448	2.2407258224	1.5520646351	2.9293870098
3.0434782609	2.2692917092	1.5749076063	2.9636758120
3.0769230769	2.2893000709	1.5895792971	2.9890208446
3.1103678930	2.3009849628	1.5975924739	3.0043774518
3.1438127090	2.3045028556	1.5999203845	3.0090853267
3.1772575251	2.2999038448	1.5968689969	3.0029386927
3.2107023411	2.2871227173	1.5880395008	2.9862059338
3.2441471572	2.2659906057	1.5723774317	2.9596037797
3.2775919732	2.2362662765	1.5483130594	2.9242194936
3.3110367893	2.1976844808	1.5140005903	2.8813683713
3.3444816054	2.1500173700	1.4676517673	2.8323829726
3.3779264214	2.0931438448	1.4079273094	2.7783603801
3.4113712375	2.0271209547	1.3343073706	2.7199345388
3.4448160535	1.9522511434	1.2473404685	2.6571618184
3.4782608696	1.8691392818	1.1486989978	2.5895795659
3.5117056856	1.7787340251	1.0410400375	2.5164280127
3.5451505017	1.6823490442	0.9277345173	2.4369635710
3.5785953177	1.5816610332	0.8125464828	2.3507755837
3.6120401338	1.4786830010	0.6993216620	2.2580443400
3.6454849498	1.3757130916	0.5917111644	2.1597150187
3.6789297659	1.2752609310	0.4929343533	2.0575875086
3.7123745819	1.1799551349	0.4055792090	1.9543310608
3.7458193980	1.0924370206	0.3314443225	1.8534297188
3.7792642140	1.0152466438	0.2714393248	1.7590539628
3.8127090301	0.9507079471	0.2255766931	1.6758392011
3.8461538462	0.9008200162	0.1931006559	1.6085393765
3.8795986622	0.8671611700	0.1727908329	1.5615315072
3.9130434783	0.8508118810	0.1634229283	1.5382008337
3.9464882943	0.8523013820	0.1642626631	1.5403401009
3.9799331104	0.8715813384	0.1753810645	1.5677816123
4.0133779264	0.9080282573	0.1976233198	1.6184331949
4.0468227425	0.9604744809	0.2322487668	1.6887001949
4.0802675585	1.0272657957	0.2804290965	1.7741024950
4.1137123746	1.1063420167	0.3428084262	1.8698756072
4.1471571906	1.1953354719	0.4192297250	1.9714412187
4.1806020067	1.2916812415	0.5086319746	2.0747305084
4.2140468227	1.3927323470	0.6090765134	2.1763881806
4.2474916388	1.4958728956	0.7178581590	2.2738876322
4.2809364548	1.5986224742	0.8316709007	2.3655740478
4.3143812709	1.6987258236	0.9468137967	2.4506378505
4.3478260870	1.7942229642	1.0594344818	2.5290114466
4.3812709030	1.8834963977	1.1658119683	2.6011808270
4.4147157191	1.9652936744	1.2626722440	2.6679151048
4.4481605351	2.0387253742	1.3475057263	2.7299450221
4.4816053512	2.1032402733	1.4188220098	2.7876585369
4.5150501672	2.1585810396	1.4762597686	2.8409023105
4.5484949833	2.2047251007	1.5204968540	2.8889533474
4.5819397993	2.2418162783	1.5529746987	2.9306578578
4.6153846154	2.2700933028	1.5755174623	2.9646691433
4.6488294314	2.2898213906	1.5899458361	2.9896969451
4.6822742475	2.3012326721	1.5977577116	3.0047076325
4.7157190635	2.3044804367	1.5999056729	3.0090552005
4.7491638796	2.2996109739	1.5966723665	3.0025495813
4.7826086957	2.2865553216	1.5876358981	2.9854747452
4.8160535117	2.2651415988	1.5717218765	2.9585613210
4.8494983278	2.2351269105	1.5473469831	2.9229068380
4.8829431438	2.1962462052	1.5126615080	2.8798309024
4.9163879599	2.1482740414	1.4658856916	2.8306623913
4.9498327759	2.0910941034	1.4057019525	2.7764862544
4.9832775920	2.0247705620	1.3316229188	2.7179182052
5.0167224080	1.9496150759	1.2442347621	2.6549953897
5.0501672241	1.8662433865	1.1452458197	2.5872409533
5.0836120401	1.7756160707	1.0373417603	2.5138903811
5.1170568562	1.6790590410	0.9239118178	2.4342062642
5.1505016722	1.5782607457	0.8087276049	2.3477938866
5.1839464883	1.4752446326	0.6956325986	2.2548566666
5.2173913043	1.3723171804	0.5882671506	2.1563672102
5.2508361204	1.2719935518	0.4898326254	2.0541544782
5.2842809365	1.1769045541	0.4028930273	1.9509160809
5.3177257525	1.0896899931	0.3292185837	1.8501614025
5.3511705686	1.0128845680	0.2696885912	1.7560805448
5.3846153846	0.9488031113	0.2242870080	1.6733192146
5.4180602007	0.8994321667	0.1922367146	1.6066276189
5.4515050167	0.8663346139	0.1723091364	1.5603600913
5.4849498328	0.8505733062	0.1632886968	1.5378579155
5.5183946488	0.8526585323	0.1644644399	1.5408526248
5.5518394649	0.8725226278	0.1759357529	1.5691095027
5.5852842809	0.9095233470	0.1985687913	1.6204779026
5.6187290970	0.9624757832	0.2336281799	1.6913233865
5.6521739130	1.0297108103	0.2822743632	1.7771472574
5.6856187291	1.1091563493	0.3451281933	1.8731845053
5.7190635452	1.1984363491	0.4220033774	1.9748693208
5.7525083612	1.2949813011	0.5118087045	2.0781538977
5.7859531773	1.3961434725	0.6125778659	2.1797090791
5.8193979933	1.4993098653	0.7215827864	2.2770369441
5.8528428094	1.6020062102	0.8355008038	2.3685116165
5.8862876254	1.7019860618	0.9506218116	2.4533503120
5.9197324415	1.7973002073	1.0630930510	2.5315073635
5.9531772575	1.8863430659	1.1692031976	2.6034829342
5.9866220736	1.9678744287	1.2656986975	2.6700501599
6.0200668896	2.0410166422	1.3501003523	2.7319329322
6.0535117057	2.1052290665	1.4209545632	2.7895035697
6.0869565217	2.1602631955	1.4779371720	2.8425892190
6.1204013378	2.2061031248	1.5217567153	2.8904495343
6.1538461538	2.2428969816	1.5538737712	2.9319201920
6.1872909699	2.2708854429	1.5761183714	2.9656525145
6.2207357860	2.2903335180	1.5903051061	2.9903619300
6.2541806020	2.3014713613	1.5979167458	3.0050259768
6.2876254181	2.3044490498	1.5998850736	3.0090130259
6.3210702341	2.2993090574	1.5964693768	3.0021487380
6.3545150502	2.2859786872	1.5872247342	2.9847326402
6.3879598662	2.2642830798	1.5710569859	2.9575091737
6.4214046823	2.2339777334	1.5463694932	2.9215859735
6.4548494983	2.1947978623	1.5113090056	2.8782867191
6.4882943144	2.1465205102	1.4641047024	2.8289363179
6.5217391304	2.0890342239	1.4034611195	2.7746073283
6.5551839465	2.0224103704	1.3289236348	2.7158971061
6.5886287625	1.9469698867	1.2411161278	2.6528236456
6.6220735786	1.8633394301	1.1417827114	2.5848961488
6.6555183946	1.7724915222	1.0336373330	2.5113457114
6.6889632107	1.6757643141	0.9200871701	2.4314414582
6.7224080268	1.5748579778	0.8049110565	2.3448048992
6.7558528428	1.4718063424	0.6919499143	2.2516627704
6.7892976589	1.3689241385	0.5848330762	2.1530152008
6.8227424749	1.2687319622	0.4867436886	2.0507202357
6.8561872910	1.1738626940	0.4002216052	1.9475037828
6.8896321070	1.0869545010	0.3270085788	1.8469004232
6.9230769231	1.0105365985	0.2679535625	1.7531196346
6.9565217391	0.9469145886	0.2230121403	1.6708170369
6.9899665552	0.8980623665	0.1913861878	1.6047385452
7.0234113712	0.8655272877	0.1718394620	1.5592151133
7.0568561873	0.8503545281	0.1631656705	1.5375433857
7.0903010033	0.8530354044	0.1646775362	1.5413932725
7.1237458194	0.8734829254	0.1765027553	1.5704630954
7.1571906355	0.9110361284	0.1995280244	1.6225442325
7.1906354515	0.9644929233	0.2350226791	1.6939631675
7.2240802676	1.0321693609	0.2841354265	1.7802032954
7.2575250836	1.1119815791	0.3474635587	1.8764995996
7.2909698997	1.2015452701	0.4247914170	1.9782991233
7.3244147157	1.2982864648	0.5149976348	2.0815752948
7.3578595318	1.3995568018	0.6160883848	2.1830252188
7.3913043478	1.5027462931	0.7253128846	2.2801797015
7.4247491639	1.6053869127	0.8393320503	2.3714417750
7.4581939799	1.7052411060	0.9544268810	2.4560553310
7.4916387960	1.8003704782	1.0667445391	2.5339964173
7.5250836120	1.8891813904	1.1725837160	2.6057790647
7.5585284281	1.9704458707	1.2687116729	2.6721800686
7.5919732441	2.0432980043	1.3526798817	2.7339161269
7.6254180602	2.1072076845	1.4230716708	2.7913436982
7.6588628763	2.1619351653	1.4795999404	2.8442703901
7.6923076923	2.2074711335	1.5230035945	2.8919386725
7.7257525084	2.2439679422	1.5547619228	2.9331739616
7.7591973244	2.2716681392	1.5767103970	2.9666258815
7.7926421405	2.2908364605	1.5906571534	2.9910157677
7.8260869565	2.3017010342	1.5980695994	3.0053324691
7.8595317726	2.3044086942	1.5998585835	3.0089588049
7.8929765886	2.2989980907	1.5962599990	3.0017361824
7.9264214047	2.2853928060	1.5868059581	2.9839796539
7.9598662207	2.2634150388	1.5703826937	2.9564473839
7.9933110368	2.2328187354	1.5453805195	2.9202569512
8.0267558528	2.1933394454	1.5099430227	2.8767358680
8.0602006689	2.1447567746	1.4623087643	2.8272047850
8.0936454849	2.0869642127	1.4012048114	2.7727236139
8.1270903010	2.0200403968	1.3262095621	2.7138712315
8.1605351171	1.9443156048	1.2379846492	2.6506465603
8.1939799331	1.8604274549	1.1383097880	2.5825451218
8.2274247492	1.7693604354	1.0299268906	2.5087939802
8.2608695652	1.6724649324	0.9162607169	2.4286691479
8.2943143813	1.5714528099	0.8010969776	2.3418086423
8.3277591973	1.4683682198	0.6882737367	2.2484627030
8.3612040134	1.3655340615	0.5814090487	2.1496590743
8.3946488294	1.2654762601	0.4836676235	2.0472848968
8.4280936455	1.1708296507	0.3975649914	1.9440943100
8.4615384615	1.0842306345	0.3248143226	1.8436469463
8.4949832776	1.0082028155	0.2662342219	1.7501714090
8.5284280936	0.9450424448	0.2217520491	1.6683328405
8.5618729097	0.8967106640	0.1905490257	1.6028723023
8.5953177258	0.8647392204	0.1713817703	1.5580966704
8.6287625418	0.8501555548	0.1630538374	1.5372572722
8.6622073579	0.8534319845	0.1649019725	1.5419619964
8.6956521739	0.8744621968	0.1770821158	1.5718422777
8.7290969900	0.9125665483	0.2005010683	1.6246320284
8.7625418060	0.9665258312	0.2364323000	1.6966193623
8.7959866221	1.0346413648	0.2860122956	1.7832704339
8.8294314381	1.1148176140	0.3498144985	1.8798207295
8.8628762542	1.2046621379	0.4275937861	1.9817304897
8.8963210702	1.3015966348	0.5181986773	2.0849945923
8.9297658863	1.4029722404	0.6196079566	2.1863365242
8.9632107023	1.5061820917	0.7290483220	2.2833158613
8.9966555184	1.6087645042	0.8431644986	2.3743645098
9.0301003344	1.7084908907	0.9582288631	2.4587529183
9.0635451505	1.8034337247	1.0703888151	2.5364786343
9.0969899666	1.8920113324	1.1759534158	2.6080692490
9.1304347826	1.9730079751	1.2717110968	2.6743048534
9.1638795987	2.0455694466	1.3552442825	2.7358946107
9.1973244147	2.1091761233	1.4251733419	2.7931789046
9.2307692308	2.1635969521	1.4812481177	2.8459457865
9.2642140468	2.2088291346	1.5242375561	2.8934207131
9.2976588629	2.2450291700	1.5556392240	2.9344191161
9.3311036789	2.2724414012	1.5772936020	2.9675892004
9.3645484950	2.2913302254	1.5910020237	2.9916584271
9.3979933110	2.3019216945	1.5982162946	3.0056270945
9.4314381271	2.3043593695	1.5998261987	3.0088925403
9.4648829431	2.2986780689	1.5960442035	3.0013119344
9.4983277592	2.2847976699	1.5863795182	2.9832158216
9.5317725753	2.2625374659	1.5696989335	2.9553759983
9.5652173913	2.2316499070	1.5443799918	2.9189198222
9.5986622074	2.1918709475	1.5085634994	2.8751783956
9.6321070234	2.1429828336	1.4604978424	2.8254678248
9.6655518395	2.0848840765	1.3989330307	2.7708351223
9.6989966555	2.0176606583	1.3234807457	2.7118405709
9.7324414716	1.9416522595	1.2348404112	2.6484641078
9.7658862876	1.8575075035	1.1348271656	2.5801878415
9.7993311037	1.7662228667	1.0262105687	2.5062351647
9.8327759197	1.6691609651	0.9124326013	2.4258893289
9.8662207358	1.5680453228	0.7972855078	2.3388051378
9.8996655518	1.4649303548	0.6846041927	2.2452565170
9.9331103679	1.3621470452	0.5779951745	2.1462989159
9.9665551839	1.2622265437	0.4806045095	2.0438485779
10.0000000000	1.1678055202	0.3949232335	1.9406878070
