# Filename : results\simulations\PINN_Dynamics_PositionUncertainty.txt
# Version  : PINN_Matrix_Solver_v2.2_DataFixed
# Start    : Fri Dec  5 13:45:44 2025
# (1) time	(2) <x>	(3) <x>-dx	(4) <x>+dx
# ================================================================================
0.0000000000	0.8492499478	0.1625543417	1.5359455539
0.0334448161	0.8581948001	0.1676201752	1.5487694249
0.0668896321	0.8847392999	0.1832369854	1.5862416145
0.1003344482	0.9280277261	0.2104799846	1.6455754675
0.1337792642	0.9866811230	0.2506335063	1.7227287398
0.1672240803	1.0588650236	0.3046945572	1.8130354900
0.2006688963	1.1423781865	0.3729962489	1.9117601242
0.2341137124	1.2347567827	0.4550087867	2.0145047787
0.2675585284	1.3333875527	0.5492963718	2.1174787336
0.3010033445	1.4356229946	0.6535836406	2.2176623487
0.3344481605	1.5388916498	0.7648922624	2.3128910372
0.3678929766	1.6407970340	0.8797243497	2.4018697183
0.4013377926	1.7391996770	0.9942838991	2.4841154549
0.4347826087	1.8322780127	1.1047366049	2.5598194205
0.4682274247	1.9185654209	1.2075081611	2.6296226807
0.5016722408	1.9969624371	1.2996063171	2.6943185572
0.5351170569	2.0667249111	1.3789217999	2.7545280223
0.5685618729	2.1274305642	1.4444323360	2.8104287925
0.6020066890	2.1789278704	1.4962325968	2.8616231440
0.6354515050	2.2212723492	1.5353606754	2.9071840230
0.6688963211	2.2546561349	1.5634663935	2.9458458764
0.7023411371	2.2793370224	1.5824168673	2.9762571776
0.7357859532	2.2955730615	1.5939318833	2.9972142398
0.7692307692	2.3035681966	1.5993033991	3.0078329942
0.8026755853	2.3034334621	1.5992146209	3.0076523033
0.8361204013	2.2951669296	1.5936537894	2.9966800697
0.8695652174	2.2786540508	1.5819156105	2.9753924911
0.9030100334	2.2536883688	1.5626904761	2.9446862614
0.9364548495	2.2200108975	1.5342486685	2.9057731265
0.9698996656	2.1773649285	1.4947240729	2.8600057840
1.0033444816	2.1255617126	1.4424809101	2.8086425151
1.0367892977	2.0645514967	1.3765077249	2.7525952685
1.0702341137	1.9944938296	1.2967452225	2.6922424367
1.1036789298	1.9158209427	1.2042533629	2.6273885225
1.1371237458	1.8292883579	1.1011747752	2.5574019406
1.1705685619	1.7360076683	0.9905261584	2.4814891783
1.2040133779	1.6374576126	0.8758955684	2.3990196568
1.2374581940	1.5354710426	0.7611206251	2.3098214601
1.2709030100	1.4321970648	0.6499913802	2.2144027493
1.3043478261	1.3300393952	0.5459918143	2.1140869761
1.3377926421	1.2315736830	0.4520796329	2.0110677332
1.3712374582	1.1394481073	0.3705042012	1.9083920133
1.4046822742	1.0562728207	0.3026718104	1.8098738310
1.4381270903	0.9845047171	0.2490821634	1.7199272707
1.4715719064	0.9263344613	0.2093759276	1.6432929951
1.5050167224	0.8835827164	0.1825395720	1.5846258607
1.5384615385	0.8576120196	0.1672874458	1.5479365935
1.5719063545	0.8492598404	0.1625598742	1.5359598065
1.6053511706	0.8587970444	0.1679644511	1.5496296377
1.6387959866	0.8859143999	0.1839471777	1.5878816221
1.6722408027	0.9297379803	0.2115982884	1.6478776723
1.7056856187	0.9888724875	0.2522002346	1.7255447404
1.7391304348	1.0614697480	0.3067330788	1.8162064171
1.7725752508	1.1453180598	0.3755034940	1.9151326255
1.8060200669	1.2379467838	0.4579515513	2.0179420163
1.8394648829	1.3367396818	0.5526120212	2.1208673423
1.8729096990	1.4390500510	0.6571836943	2.2209164077
1.9063545151	1.5423107328	0.7686678179	2.3159536476
1.9397993311	1.6441325657	0.8835528415	2.4047122899
1.9732441472	1.7423857831	0.9980370963	2.4867344698
2.0066889632	1.8352601458	1.1082899213	2.5622303702
2.0401337793	1.9213011650	1.2107511189	2.6318512110
2.0735785953	1.9994214920	1.3024532261	2.6963897580
2.1070234114	2.0688883110	1.3813205588	2.7564560632
2.1404682274	2.1292892390	1.4463685656	2.8122099124
2.1739130435	2.1804807022	1.4977270993	2.8632343051
2.2073578595	2.2225239082	1.5364605155	2.9085873010
2.2408026756	2.2556142980	1.5642322351	2.9469963610
2.2742474916	2.2800106799	1.5829099687	2.9771113911
2.3076923077	2.2959701075	1.5942032617	2.9977369532
2.3411371237	2.3036939692	1.5993862222	3.0080017161
2.3745819398	2.3032897634	1.5991198746	3.0074596523
2.4080267559	2.2947517054	1.5933689422	2.9961344687
2.4414715719	2.2779617562	1.5814061410	2.9745173715
2.4749163880	2.2527109896	1.5619044143	2.9435175649
2.5083612040	2.2187395444	1.5331244271	2.9043546616
2.5418060201	2.1757918713	1.4932014754	2.8583822673
2.5752508361	2.1236826854	1.4405142656	2.8068511053
2.6086956522	2.0623680778	1.3740783507	2.7506578049
2.6421404682	1.9920156907	1.2938700016	2.6901613797
2.6755852843	1.9130677642	1.2009868206	2.6251487079
2.7090301003	1.8262912284	1.0976045556	2.5549779013
2.7424749164	1.7328098178	0.9867640129	2.4788556226
2.7759197324	1.6341143747	0.8720666396	2.3961621098
2.8093645485	1.5320489951	0.7573530413	2.3067449488
2.8428093645	1.4287723533	0.6464070331	2.2111376736
2.8762541806	1.3266953059	0.5426984458	2.1106921660
2.9096989967	1.2283975823	0.4491641584	2.0076310061
2.9431438127	1.1365279160	0.3680273866	1.9050284453
2.9765886288	1.0536932255	0.3006648401	1.8067216109
3.0100334448	0.9823433442	0.2475461784	1.7171405099
3.0434782609	0.9246582455	0.2082860709	1.6410304201
3.0769230769	0.8824446903	0.1818548896	1.5830344911
3.1103678930	0.8570487240	0.1669662327	1.5471312154
3.1438127090	0.8492895177	0.1625764722	1.5360025631
3.1772575251	0.8594187312	0.1683203049	1.5505171574
3.2107023411	0.8871079746	0.1846701973	1.5895457519
3.2441471572	0.9314651643	0.2127308849	1.6501994438
3.2775919732	0.9910787354	0.2537823751	1.7283750956
3.3110367893	1.0640869072	0.3087873722	1.8193864422
3.3444816054	1.1482676329	0.3780259002	1.9185093656
3.3779264214	1.2411435891	0.4609078577	2.0213793204
3.4113712375	1.3400956860	0.5559386647	2.1242527073
3.4448160535	1.4424781421	0.6607914207	2.2241648636
3.4782608696	1.5457282079	0.7724471557	2.3190092602
3.5117056856	1.6474641348	0.8873809015	2.4075473681
3.5451505017	1.7455659263	1.0017856119	2.4893462407
3.5785953177	1.8382347101	1.1118346015	2.5646348188
3.6120401338	1.9240281415	1.2139821409	2.6340741422
3.6454849498	2.0018709735	1.3052858916	2.6984560553
3.6789297659	2.0710416864	1.3837039859	2.7583793869
3.7123745819	2.1311377358	1.4482896228	2.8139858488
3.7458193980	2.1820234291	1.4992076335	2.8648392247
3.7792642140	2.2237655836	1.5375482570	2.9099829101
3.8127090301	2.2565628680	1.5649880693	2.9481376667
3.8461538462	2.2806750321	1.5833949717	2.9779550925
3.8795986622	2.2963580733	1.5944679615	2.9982481850
3.9130434783	2.3038107817	1.5994631025	3.0081584609
3.9464882943	2.3031370983	1.5990191461	3.0072550505
3.9799331104	2.2943273829	1.5930773034	2.9955774625
4.0133779264	2.2772601296	1.5808884007	2.9736318585
4.0468227425	2.2517239873	1.5611081391	2.9423398356
4.0802675585	2.2174582812	1.5319878837	2.9029286786
4.1137123746	2.1742086941	1.4916647527	2.8567526355
4.1471571906	2.1217934843	1.4385323808	2.8050545877
4.1806020067	2.0601746650	1.3716336957	2.7487156342
4.2140468227	1.9895280419	1.2909807149	2.6880753689
4.2474916388	1.9103059197	1.1977086318	2.6229032076
4.2809364548	1.8232866721	1.0940260703	2.5525472740
4.3143812709	1.7296061865	0.9829976016	2.4762147714
4.3478260870	1.6307673939	0.8682377055	2.3932970822
4.3812709030	1.5286255914	0.7535896461	2.3036615367
4.4147157191	1.4253489525	0.6428307187	2.2078671862
4.4481605351	1.3233553815	0.5394163627	2.1072944003
4.4816053512	1.2252285777	0.4462624304	2.0041947250
4.5150501672	1.1336177063	0.3655658393	1.9016695734
4.5484949833	1.0511263240	0.2986736472	1.8035790008
4.5819397993	0.9801970784	0.2460255228	1.7143686339
4.6153846154	0.9229991372	0.2072103678	1.6387879066
4.6488294314	0.8813252623	0.1811828904	1.5814676342
4.6822742475	0.8565049335	0.1666565064	1.5463533605
4.7157190635	0.8493389787	0.1626041375	1.5360738199
4.7491638796	0.8600598380	0.1686877685	1.5514319074
4.7826086957	0.8883199815	0.1854060926	1.5912338704
4.8160535117	0.9332092177	0.2138778197	1.6525406157
4.8494983278	0.9932997913	0.2553799538	1.7312196287
4.8829431438	1.0667164144	0.3108574334	1.8225753955
4.9163879599	1.1512268117	0.3805634296	1.9218901937
4.9498327759	1.2443471010	0.4638776354	2.0248165666
4.9832775920	1.3434554689	0.5592762032	2.1276347346
5.0167224080	1.4459071766	0.6644066985	2.2274076546
5.0501672241	1.5491439920	0.7762301395	2.3220578445
5.0836120401	1.6507916690	0.8912083875	2.4103749505
5.1170568562	1.7487400469	1.0055293078	2.4919507860
5.1505016722	1.8412016595	1.1153705234	2.5670327956
5.1839464883	1.9267463177	1.2172011330	2.6362915024
5.2173913043	2.0043108611	1.3081042573	2.7005174649
5.2508361204	2.0731850278	1.3860720669	2.7602979887
5.2842809365	2.1329760539	1.4501955325	2.8157565754
5.3177257525	2.1835560565	1.5006742531	2.8664378598
5.3511705686	2.2249973841	1.5386239682	2.9113708000
5.3846153846	2.2575018548	1.5657339646	2.9492697451
5.4180602007	2.2813300878	1.5838719327	2.9787882429
5.4515050167	2.2967369648	1.5947260189	2.9987479108
5.4849498328	2.3039186362	1.5995340514	3.0083032210
5.5183946488	2.3029754643	1.5989124208	3.0070385079
5.5518394649	2.2938939558	1.5927788337	2.9950090780
5.5852842809	2.2765491620	1.5803623311	2.9727359928
5.6187290970	2.2507273521	1.5603015815	2.9411531228
5.6521739130	2.2161670992	1.5308389711	2.9014952273
5.6856187291	2.1726153921	1.4901138541	2.8551169301
5.7190635452	2.1198941109	1.4365352358	2.8032529861
5.7525083612	2.0579712692	1.3691737800	2.7467687583
5.7859531773	1.9870309054	1.2880774243	2.6859843865
5.8193979933	1.9075354439	1.1944188950	2.6206519927
5.8528428094	1.8202747371	1.0904394442	2.5501100300
5.8862876254	1.7263968360	0.9792270635	2.4735666085
5.9197324415	1.6274167441	0.8644089081	2.3904245802
5.9531772575	1.5252009161	0.7498305742	2.3005712580
5.9866220736	1.4219269545	0.6392625555	2.2045913534
6.0200668896	1.3200197187	0.5361456602	2.1038937772
6.0535117057	1.2220667665	0.4433745151	2.0007590180
6.0869565217	1.1307175720	0.3631195926	1.8983155513
6.1204013378	1.0485722017	0.2966982313	1.8004461722
6.1538461538	0.9780659934	0.2445201673	1.7116118194
6.1872909699	0.9213571947	0.2061487712	1.6365656182
6.2207357860	0.8802244720	0.1805235269	1.5799254171
6.2541806020	0.8559806675	0.1663582384	1.5456030965
6.2876254181	0.8494082217	0.1626428727	1.5361735706
6.3210702341	0.8607203419	0.1690668748	1.5523738090
6.3545150502	0.8895503777	0.1861549125	1.5929458429
6.3879598662	0.9349700795	0.2150391382	1.6549010207
6.4214046823	0.9955355793	0.2569929958	1.7340781628
6.4548494983	1.0693581824	0.3129432572	1.8257731077
6.4882943144	1.1541955016	0.3831160435	1.9252749596
6.5217391304	1.2475572221	0.4668608130	2.0282536313
6.5551839465	1.3468189343	0.5626245372	2.1310133313
6.5886287625	1.4493370630	0.6680294059	2.2306447202
6.6220735786	1.5525580021	0.7800166330	2.3250993711
6.6555183946	1.6541150962	0.8950351572	2.4131950351
6.6889632107	1.7519080855	1.0092680464	2.4945481246
6.7224080268	1.8441609480	1.1188975658	2.5694243303
6.7558528428	1.9294556610	1.2204080021	2.6385033199
6.7892976589	2.0067411348	1.3109082678	2.7025740017
6.8227424749	2.0753183260	1.3884247890	2.7622118629
6.8561872910	2.1348041927	1.4520863207	2.8175220648
6.8896321070	2.1850785899	1.5021270127	2.8680301670
6.9230769231	2.2262193188	1.5396877175	2.9127509202
6.9565217391	2.2584312685	1.5664699889	2.9503925480
6.9899665552	2.2819758556	1.5843409073	2.9796108039
7.0234113712	2.2971067879	1.5949774692	2.9992361065
7.0568561873	2.3040175343	1.5995990792	3.0084359893
7.0903010033	2.3028048589	1.5987996829	3.0068100348
7.1237458194	2.2934514176	1.5924734932	2.9944293420
7.1571906355	2.2758288442	1.5798278734	2.9718298151
7.1906354515	2.2497210740	1.5594846723	2.9399574757
7.2240802676	2.2148659900	1.5296776223	2.9000543576
7.2575250836	2.1710119607	1.4885487297	2.8534751917
7.2909698997	2.1179845676	1.4345228114	2.8014463237
7.3244147157	2.0557579015	1.3666986246	2.7448171783
7.3578595318	1.9845243034	1.2851601930	2.6838884138
7.3913043478	1.9047563717	1.1911177098	2.6183950337
7.4247491639	1.8172554719	1.0868448028	2.5476661411
7.4581939799	1.7231818283	0.9754525382	2.4709111183
7.4916387960	1.6240624998	0.8605803891	2.3875446104
7.5250836120	1.5217750541	0.7460759599	2.2974741482
7.5585284281	1.4185064520	0.6357026618	2.2013102422
7.5919732441	1.3166884144	0.5328864329	2.1004903958
7.6254180602	1.2189122460	0.4405004775	1.9973240146
7.6588628763	1.1278276062	0.3606886785	1.8949665338
7.6923076923	1.0460309440	0.2947385912	1.7973232969
7.7257525084	0.9759501624	0.2430300819	1.7088702429
7.7591973244	0.9197324755	0.2051012337	1.6343637172
7.7926421405	0.8791423587	0.1798767521	1.5784079653
7.8260869565	0.8554759448	0.1660714009	1.5448804887
7.8595317726	0.8494972441	0.1626926818	1.5363018063
7.8929765886	0.8614002192	0.1694576574	1.5533427811
7.9264214047	0.8907991195	0.1869167059	1.5946815332
7.9598662207	0.9367476881	0.2162148850	1.6572804912
7.9933110368	0.9977860231	0.2586215251	1.7369505211
8.0267558528	1.0720121237	0.3150448375	1.8289794099
8.0602006689	1.1571736080	0.3856837019	1.9286635141
8.0936454849	1.2507738550	0.4698573182	2.0316903918
8.1270903010	1.3501859859	0.5659835661	2.1343884056
8.1605351171	1.4527677105	0.6716594203	2.2338760007
8.1939799331	1.5559701555	0.7838064992	2.3281338118
8.2274247492	1.6574343447	0.8988610684	2.4160076210
8.2608695652	1.7550699831	1.0130016903	2.4971382759
8.2943143813	1.8471125302	1.1224156080	2.5718094523
8.3277591973	1.9321561393	1.2236026561	2.6407096224
8.3612040134	2.0091617749	1.3136978696	2.7046256802
8.3946488294	2.0774415721	1.3907621407	2.7641210035
8.4280936455	2.1366221520	1.4539620147	2.8192822892
8.4615384615	2.1865910350	1.5035659676	2.8696161025
8.4949832776	2.2274313969	1.5407395736	2.9141232201
8.5284280936	2.2593511188	1.5671962100	2.9515060277
8.5618729097	2.2826123442	1.5848019509	2.9804227376
8.5953177258	2.2974675480	1.5952223472	2.9997127488
8.6287625418	2.3041074776	1.5996581957	3.0085567594
8.6622073579	2.3026252793	1.5986809160	3.0065696426
8.6956521739	2.2929997618	1.5921612412	2.9938382823
8.7290969900	2.2750991673	1.5792849679	2.9709133666
8.7625418060	2.2487051430	1.5586573422	2.9387529437
8.7959866221	2.2135549450	1.5285037708	2.8986061193
8.8294314381	2.1693983956	1.4869693304	2.8518274608
8.8628762542	2.1160648564	1.4324950901	2.7996346228
8.8963210702	2.0535345735	1.3642082524	2.7428608947
8.9297658863	1.9820082589	1.2822290857	2.6817874321
8.9632107023	1.9019687390	1.1878051768	2.6161323012
8.9966555184	1.8142289257	1.0832422723	2.5452155791
9.0301003344	1.7199612258	0.9716741654	2.4682482862
9.0635451505	1.6207047356	0.8567522906	2.3846571806
9.0969899666	1.5183480904	0.7423259371	2.2943702437
9.1304347826	1.4150875377	0.6321511547	2.1980239206
9.1638795987	1.3133615655	0.5296387744	2.0970843565
9.1973244147	1.2157651133	0.4376403818	1.9938898448
9.2307692308	1.1249479021	0.3582731280	1.8916226763
9.2642140468	1.0435026358	0.2927947243	1.7942105474
9.2976588629	0.9738496581	0.2415552355	1.7061440807
9.3311036789	0.9181250366	0.2040677076	1.6321823656
9.3645484950	0.8780789609	0.1792425192	1.5769154026
9.3979933110	0.8549907836	0.1657959673	1.5441855998
9.4314381271	0.8496060427	0.1627535697	1.5364585157
9.4648829431	0.8620994457	0.1698601508	1.5543387405
9.4983277592	0.8920661627	0.1876915218	1.5964408036
9.5317725753	0.9385419816	0.2174051044	1.6596788588
9.5652173913	1.0000510459	0.2602655651	1.7398365267
9.5986622074	1.0746781503	0.3171621669	1.8321941338
9.6321070234	1.1601610361	0.3882663636	1.9320557085
9.6655518395	1.2539969021	0.4728670775	2.0351267267
9.6989966555	1.3535565277	0.5693531885	2.1377598668
9.7324414716	1.4561990281	0.6752966186	2.2371014376
9.7658862876	1.5593803700	0.7875996008	2.3311611392
9.7993311037	1.6607493435	0.9026859788	2.4188127082
9.8327759197	1.7582256813	1.0167301028	2.4997212599
9.8662207358	1.8500563610	1.1259245303	2.5741881917
9.8996655518	1.9348477209	1.2267850043	2.6429104375
9.9331103679	2.0115727623	1.3164730103	2.7066725143
9.9665551839	2.0795547575	1.3930841120	2.7660254031
10.0000000000	2.1384299315	1.4558226427	2.8210372202
