# Filename :          results/figures/PINN_Dynamics_PositionUncertainty.txt
# Program version :   PINN_Matrix_Solver_v2.1_FixedPhase_Hermitian
# Start:              Wed Dec  3 23:27:08 2025
# (1) time	(2) expected position	(3) expected position - uncertainty	(4) expected position + uncertainty
# ================================================================================
0.0000000000	2.3045155571	1.5999263246	3.0091047895
0.0334448161	2.3004574407	1.5972376830	3.0036771983
0.0668896321	2.2882254006	1.5888192512	2.9876315501
0.1003344482	2.2676566615	1.5736568111	2.9616565118
0.1337792642	2.2385134103	1.5502084944	2.9268183261
0.1672240803	2.2005301264	1.5166373209	2.8844229319
0.2006688963	2.1534742822	1.4711392148	2.8358093495
0.2341137124	2.0972153470	1.4123326245	2.7820980695
0.2675585284	2.0317962492	1.3396335105	2.7239589878
0.3010033445	1.9575010963	1.2535152219	2.6614869706
0.3344481605	1.8749130726	1.1555777922	2.5942483531
0.3678929766	1.7849569965	1.0484202447	2.5214937483
0.4013377926	1.6889220068	0.9353758967	2.4424681169
0.4347826087	1.5884611837	0.8201927167	2.3567296507
0.4682274247	1.4855664968	0.7067201252	2.2644128684
0.5016722408	1.3825192102	0.5986300714	2.1664083490
0.5351170569	1.2818176258	0.4991773507	2.0644579008
0.5685618729	1.1860856975	0.4109974398	1.9611739552
0.6020066890	1.0979674755	0.3359453470	1.8599896040
0.6354515050	1.0200134417	0.2749912947	1.7650355887
0.6688963211	0.9545654929	0.2282050924	1.6809258934
0.7023411371	0.9036475701	0.1948744659	1.6124206743
0.7357859532	0.8688686918	0.1737967143	1.5639406692
0.7692307692	0.8513444507	0.1637315424	1.5389573589
0.8026755853	0.8516419185	0.1638989629	1.5393848741
0.8361204013	0.8697514432	0.1743131853	1.5651897011
0.8695652174	0.9050871305	0.1957763876	1.6143978733
0.9030100334	0.9565159770	0.2295358837	1.6834960703
0.9364548495	1.0224138088	0.2767846537	1.7680429638
0.9698996656	1.1007444833	0.3382126665	1.8632763001
1.0033444816	1.1891573706	0.4137212341	1.9645935072
1.0367892977	1.2850970228	0.5023098923	2.0678841532
1.0702341137	1.3859182578	0.6020956530	2.1697408626
1.1036789298	1.4889996611	0.7104196286	2.2675796936
1.1371237458	1.5918487627	0.8240097156	2.3596878098
1.1705685619	1.6921928607	0.9391840090	2.4452017125
1.2040133779	1.7880505735	1.0520917576	2.5240093894
1.2374581940	1.8777806405	1.1589935848	2.5965676962
1.2709030100	1.9601061470	1.2565755193	2.6636367747
1.3043478261	2.0341141027	1.3422679834	2.7259602221
1.3377926421	2.0992320360	1.4145072770	2.7839567949
1.3712374582	2.1551848476	1.4728574245	2.8375122706
1.4046822742	2.2019364949	1.5179340107	2.8859389791
1.4381270903	2.2396220469	1.5511389802	2.9281051136
1.4715719064	2.2684762061	1.5742835755	2.9626688368
1.5050167224	2.2887644887	1.5891997650	2.9883292125
1.5384615385	2.3007228921	1.5974150770	3.0040307073
1.5719063545	2.3045110837	1.5999233933	3.0090987741
1.6053511706	2.3001829780	1.5970540340	3.0033119219
1.6387959866	2.2876771194	1.5884313529	2.9869228858
1.6722408027	2.2668276575	1.5730209424	2.9606343726
1.7056856187	2.2373950167	1.5492668501	2.9255231832
1.7391304348	2.1991137391	1.5153274487	2.8829000296
1.7725752508	2.1517535483	1.4694062652	2.8341008314
1.8060200669	2.0951885317	1.4101425645	2.7802344990
1.8394648829	2.0294685782	1.3369841463	2.7219530101
1.8729096990	1.9548868684	1.2504418098	2.6593319269
1.9063545151	1.8720373463	1.1521517753	2.5919229173
1.9397993311	1.7818566835	1.0447422120	2.5189711550
1.9732441472	1.6856462430	0.9315654250	2.4397270610
2.0066889632	1.5850708966	0.8163776268	2.3537641665
2.0401337793	1.4821331473	0.7030265997	2.2612396948
2.0735785953	1.3791227411	0.5951740730	2.1630714093
2.1070234114	1.2785437109	0.4960573108	2.0610301110
2.1404682274	1.1830224328	0.4082881996	1.9577566660
2.1739130435	1.0952016994	0.3336936500	1.8567097488
2.2073578595	1.0176268989	0.2732136209	1.7620401769
2.2408026756	0.9526310739	0.2268891700	1.6783729778
2.2742474916	0.9022258565	0.1939860399	1.6104656730
2.3076923077	0.8680050222	0.1732923193	1.5627177251
2.3411371237	0.8510666927	0.1635753029	1.5385580824
2.3745819398	0.8519590854	0.1640775806	1.5398405903
2.4080267559	0.8706532451	0.1748417742	1.5664647160
2.4414715719	0.9065444867	0.1966918545	1.6163971188
2.4749163880	0.9584824586	0.2308815823	1.6860833349
2.5083612040	1.0248279191	0.2785937113	1.7710621269
2.5418060201	1.1035326321	0.3404955894	1.8665696748
2.5752508361	1.1922373560	0.4164595297	1.9680151823
2.6086956522	1.2883818044	0.5054548517	2.0713087571
2.6421404682	1.3893197894	0.6055707080	2.1730688707
2.6755852843	1.4924325520	0.7141249809	2.2707401231
2.7090301003	1.5952335550	0.8278284834	2.3626386265
2.7424749164	1.6954587378	0.9429896201	2.4479278556
2.7759197324	1.7911373608	1.0557566184	2.5265181032
2.8093645485	1.8806400097	1.1623990423	2.5988809771
2.8428093645	1.9627019934	1.2596226238	2.6657813630
2.8762541806	2.0364221237	1.3448875272	2.7279567202
2.9096989967	2.1012385933	1.4166665264	2.7858106602
2.9431438127	2.1568852469	1.4745609339	2.8392095598
2.9765886288	2.2033328517	1.5192175801	2.8874481234
3.0100334448	2.2407209363	1.5520583774	2.9293834952
3.0434782609	2.2692863013	1.5749012996	2.9636713030
3.0769230769	2.2892943913	1.5895729425	2.9890158402
3.1103678930	2.3009793366	1.5975862414	3.0043724317
3.1438127090	2.3044976635	1.5999145988	3.0090807282
3.1772575251	2.2998994998	1.5968641039	3.0029348956
3.2107023411	2.2871196372	1.5880360214	2.9862032530
3.2441471572	2.2659891846	1.5723759047	2.9596024646
3.2775919732	2.2362668565	1.5483139774	2.9242197356
3.3110367893	2.1976873258	1.5140043323	2.8813703192
3.3444816054	2.1500226438	1.4676585372	2.8323867505
3.3779264214	2.0931515957	1.4079370940	2.7783660973
3.4113712375	2.0271311056	1.3343199297	2.7199422815
3.4448160535	1.9522634909	1.2473553625	2.6571716193
3.4782608696	1.8691535022	1.1487156461	2.5895913583
3.5117056856	1.7787496889	1.0410577924	2.5164415854
3.5451505017	1.6823656365	0.9277527355	2.4369785376
3.5785953177	1.5816779805	0.8125645858	2.3507913753
3.6120401338	1.4786997010	0.6993391806	2.2580602213
3.6454849498	1.3757289454	0.5917277668	2.1597301241
3.6789297659	1.2752753756	0.4929498553	2.0576008960
3.7123745819	1.1799676727	0.4055935651	1.9543417804
3.7458193980	1.0924472455	0.3314575934	1.8534368976
3.7792642140	1.0152542611	0.2714516182	1.7590569041
3.8127090301	0.9507127871	0.2255880774	1.6758374969
3.8461538462	0.9008220396	0.1931110599	1.6085330194
3.8795986622	0.8671604654	0.1727999594	1.5615209714
3.9130434783	0.8508086545	0.1634302291	1.5381870799
3.9464882943	0.8522959401	0.1642674130	1.5403244673
3.9799331104	0.8715740652	0.1753825233	1.5677656070
4.0133779264	0.9080195873	0.1976209162	1.6184182583
4.0468227425	0.9604648697	0.2322422262	1.6886875132
4.0802675585	1.0272556911	0.2804184796	1.7740929026
4.1137123746	1.1063318308	0.3427940955	1.8698695660
4.1471571906	1.1953255573	0.4192122728	1.9714388418
4.1806020067	1.2916718733	0.5086121442	2.0747316024
4.2140468227	1.3927237104	0.6090551259	2.1763922949
4.2474916388	1.4958650816	0.7178360526	2.2738941105
4.2809364548	1.5986154822	0.8316488798	2.3655820846
4.3143812709	1.6987195716	0.9467925884	2.4506465548
4.3478260870	1.7942173050	1.0594146953	2.5290199147
4.3812709030	1.8834911404	1.1657940546	2.6011882263
4.4147157191	1.9652886088	1.2626564585	2.6679207592
4.4481605351	2.0387202971	1.3474921058	2.7299484884
4.4816053512	2.1032350139	1.4188103780	2.7876596498
4.5150501672	2.1585754825	1.4762497835	2.8409011815
4.5484949833	2.2047192045	1.5204880918	2.8889503172
4.5819397993	2.2418100882	1.5529667561	2.9306534204
4.6153846154	2.2700869564	1.5755100472	2.9646638656
4.6488294314	2.2898151159	1.5899388309	2.9896914009
4.6822742475	2.3012267779	1.5977512008	3.0047023551
4.7157190635	2.3044752962	1.5998999398	3.0090506526
4.7491638796	2.2996070017	1.5966678656	3.0025461377
4.7826086957	2.2865529464	1.5876332073	2.9854726854
4.8160535117	2.2651412331	1.5717216332	2.9585608330
4.8494983278	2.2351289201	1.5473498062	2.9229080339
4.8829431438	2.1962508792	1.5126679105	2.8798338479
4.9163879599	2.1482815670	1.4658959933	2.8306671407
4.9498327759	2.0911045448	1.4057162116	2.7764928779
4.9832775920	2.0247838473	1.3316409012	2.7179267934
5.0167224080	1.9496309918	1.2442559605	2.6550060231
5.0501672241	1.8662615816	1.1452695173	2.5872536459
5.0836120401	1.7756360673	1.0373671190	2.5139050155
5.1170568562	1.6790802553	0.9239379702	2.4342225403
5.1505016722	1.5782825147	0.8087537332	2.3478112962
5.1839464883	1.4752662465	0.6956579958	2.2548744972
5.2173913043	1.3723379180	0.5882912610	2.1563845750
5.2508361204	1.2720127175	0.4898550662	2.0541703688
5.2842809365	1.1769215133	0.4029135868	1.9509294397
5.3177257525	1.0897042040	0.3292371940	1.8501712139
5.3511705686	1.0128956087	0.2697052711	1.7560859462
5.3846153846	0.9488106991	0.2243017748	1.6733196234
5.4180602007	0.8994361693	0.1922494761	1.6066228624
5.4515050167	0.8663350516	0.1723195939	1.5603505092
5.4849498328	0.8505703454	0.1632963068	1.5378443841
5.5183946488	0.8526524705	0.1644684785	1.5408364625
5.5518394649	0.8725138705	0.1759354754	1.5690922657
5.5852842809	0.9095123803	0.1985636222	1.6204611385
5.6187290970	0.9624631416	0.2336178523	1.6913084310
5.6521739130	1.0296970431	0.2822589702	1.7771351160
5.6856187291	1.1091419882	0.3451081636	1.8731758128
5.7190635452	1.1984218781	0.4219794085	1.9748643476
5.7525083612	1.2949671320	0.5117816840	2.0781525800
5.7859531773	1.3961299265	0.6125487954	2.1797110577
5.8193979933	1.4992971623	0.7215527138	2.2770416108
5.8528428094	1.6019944665	0.8354707643	2.3685181687
5.8862876254	1.7019752960	0.9505927726	2.4533578193
5.9197324415	1.7972903533	1.0630658571	2.5315148494
5.9531772575	1.8863339933	1.1691785125	2.6034894740
5.9866220736	1.9678659669	1.2656769476	2.6700549862
6.0200668896	2.0410086084	1.3500816844	2.7319355324
6.0535117057	2.1052212932	1.4209388389	2.7895037475
6.0869565217	2.1602555572	1.4779240146	2.8425870998
6.1204013378	2.2060955607	1.5217456091	2.8904455123
6.1538461538	2.2428895124	1.5538641862	2.9319148387
6.1872909699	2.2708781813	1.5761098818	2.9656464807
6.2207357860	2.2903266699	1.5902974770	2.9903558628
6.2541806020	2.3014652202	1.5979099788	3.0050204615
6.2876254181	2.3044439816	1.5998794143	3.0090085489
6.3210702341	2.2993054791	1.5964652913	3.0021456669
6.3545150502	2.2859770389	1.5872228606	2.9847312172
6.3879598662	2.2642837931	1.5710580625	2.9575095236
6.4214046823	2.2339811978	1.5463742669	2.9215881288
6.4548494983	2.1948043926	1.5113181229	2.8782906624
6.4882943144	2.1465303160	1.4641185969	2.8289420351
6.5217391304	2.0890473852	1.4034799169	2.7746148535
6.5551839465	2.0224268197	1.3289471025	2.7159065368
6.5886287625	1.9469893996	1.2411436860	2.6528351132
6.6220735786	1.8633616259	1.1418135024	2.5849097495
6.6555183946	1.7725158738	1.0336703258	2.5113614219
6.6889632107	1.6757901673	0.9201212712	2.4314590634
6.7224080268	1.5748845789	0.8049452085	2.3448239494
6.7558528428	1.4718328729	0.6919831727	2.2516825731
6.7892976589	1.3689497540	0.5848646632	2.1530348449
6.8227424749	1.2687558340	0.4867730244	2.0507386436
6.8561872910	1.1738840502	0.4002483143	1.9475197862
6.8896321070	1.0869726649	0.3270324675	1.8469128622
6.9230769231	1.0105510214	0.2679745635	1.7531274793
6.9565217391	0.9469248759	0.2230302220	1.6708195298
6.9899665552	0.8980682943	0.1914012389	1.6047353498
7.0234113712	0.8655288102	0.1718511830	1.5592064374
7.0568561873	0.8503517740	0.1631735228	1.5375300252
7.0903010033	0.8530286637	0.1646807964	1.5413765310
7.1237458194	0.8734726277	0.1765006738	1.5704445816
7.1571906355	0.9110228132	0.1995200216	1.6225256048
7.1906354515	0.9644772053	0.2350084973	1.6939459134
7.2240802676	1.0321518927	0.2841151931	1.7801885923
7.2575250836	1.1119630128	0.3474377711	1.8764882544
7.2909698997	1.2015262217	0.4247608807	1.9782915627
7.3244147157	1.2982674831	0.5149633844	2.0815715817
7.3578595318	1.3995383437	0.6160516044	2.1830250829
7.3913043478	1.5027287068	0.7252748339	2.2801825797
7.4247491639	1.6053704303	0.8392939962	2.3714468643
7.4581939799	1.7052258453	0.9543900314	2.4560616592
7.4916387960	1.8003564530	1.0667099729	2.5340029331
7.5250836120	1.8891685293	1.1725523081	2.6057847506
7.5585284281	1.9704340418	1.2686840168	2.6721840668
7.5919732441	2.0432870434	1.3526562297	2.7339178571
7.6254180602	2.1071974266	1.4230519171	2.7913429360
7.6588628763	2.1619254740	1.4795836698	2.8442672781
7.6923076923	2.2074619280	1.5229901955	2.8919336604
7.7257525084	2.2439592187	1.5547507376	2.9331676998
7.7591973244	2.2716599853	1.5767008663	2.9666191042
7.7926421405	2.2908290607	1.5906489269	2.9910091945
7.8260869565	2.3016946669	1.5980625984	3.0053267355
7.8595317726	2.3044037190	1.5998530190	3.0089544190
7.8929765886	2.2989949275	1.5962563524	3.0017335025
7.9264214047	2.2853919069	1.5868049307	2.9839788831
7.9598662207	2.2634168548	1.5703851271	2.9564485824
7.9933110368	2.2328236803	1.5453872896	2.9202600710
8.0267558528	2.1933478592	1.5099549093	2.8767408090
8.0602006689	2.1447688895	1.4623263127	2.8272114663
8.0936454849	2.0869801235	1.4012282111	2.7727320360
8.1270903010	2.0200600395	1.3262385769	2.7138815021
8.1605351171	1.9443387430	1.2380186218	2.6506588641
8.1939799331	1.8604536774	1.1383477160	2.5825596387
8.2274247492	1.7693891641	1.0299675468	2.5088107814
8.2608695652	1.6724954412	0.9163027804	2.4286881020
8.2943143813	1.5714842533	0.8011391508	2.3418293557
8.3277591973	1.4683996693	0.6883148382	2.2484845004
8.3612040134	1.3655645487	0.5814480800	2.1496810174
8.3946488294	1.2655048227	0.4837038099	2.0473058356
8.4280936455	1.1708553795	0.3975977959	1.9441129630
8.4615384615	1.0842527178	0.3248434285	1.8436620072
8.4949832776	1.0082205789	0.2662594783	1.7501816795
8.5284280936	0.9450553830	0.2217733779	1.6683373881
8.5618729097	0.8967184632	0.1905662985	1.6028706280
8.5953177258	0.8647417701	0.1713946875	1.5580888527
8.6287625418	0.8501529481	0.1630618649	1.5372440312
8.6622073579	0.8534245062	0.1649043872	1.5419446253
8.6956521739	0.8744503024	0.1770781626	1.5718224423
8.7290969900	0.9125508328	0.2004901638	1.6246115017
8.7625418060	0.9665069912	0.2364141968	1.6965997856
8.7959866221	1.0346201574	0.2859871576	1.7832531571
8.8294314381	1.1147948129	0.3497828946	1.8798067312
8.8628762542	1.2046384917	0.4275566324	1.9817203509
8.8963210702	1.3015728293	0.5181571579	2.0849885007
8.9297658863	1.4029488678	0.6195634403	2.1863342953
8.9632107023	1.5061596280	0.7290022820	2.2833169739
8.9966555184	1.6087432963	0.8431184346	2.3743681580
9.0301003344	1.7084711543	0.9581842236	2.4587580850
9.0635451505	1.8034155523	1.0703469127	2.5364841919
9.0969899666	1.8919947102	1.1759153339	2.6080740865
9.1304347826	1.9729928079	1.2716775928	2.6743080230
9.1638795987	2.0455555883	1.3552157097	2.7358954669
9.1973244147	2.1091634100	1.4251496223	2.7931771978
9.2307692308	2.1635852359	1.4812287924	2.8459416793
9.2642140468	2.2088183142	1.5242219151	2.8934147132
9.2976588629	2.2450192168	1.5556264803	2.9344119534
9.3311036789	2.2724323780	1.5772830633	2.9675816927
9.3645484950	2.2913222955	1.5909932259	2.9916513651
9.3979933110	2.3019151219	1.5982090816	3.0056211623
9.4314381271	2.3043545079	1.5998207501	3.0088882657
9.4648829431	2.2986753419	1.5960410195	3.0013096644
9.4983277592	2.2847975422	1.5863793663	2.9832157182
9.5317725753	2.2625404084	1.5697027610	2.9553780558
9.5652173913	2.2316563579	1.5443888046	2.9189239112
9.5986622074	2.1918812722	1.5085782104	2.8751843340
9.6321070234	2.1429972862	1.4605191062	2.8254754663
9.6655518395	2.0849027665	1.3989610966	2.7708444365
9.6989966555	2.0176835240	1.3235153691	2.7118516788
9.7324414716	1.9416790513	1.2348808524	2.6484772501
9.7658862876	1.8575377783	1.1348722734	2.5802032833
9.7993311037	1.7662559942	1.0262589169	2.5062530715
9.8327759197	1.6691961459	0.9124826400	2.4259096518
9.8662207358	1.5680816181	0.7973356989	2.3388275372
9.8996655518	1.4649667252	0.6846531186	2.2452803319
9.9331103679	1.3621823973	0.5780416173	2.1463231774
9.9665551839	1.2622597812	0.4806475015	2.0438720610
10.0000000000	1.1678355965	0.3949620788	1.9407091142
